5000    14108
10000    11486
15000    10167
20000    9425
25000    8750
30000    8224
35000    8114
40000    7957
45000    7897
50000    7817
55000    7777
60000    7732
65000    7727
70000    7720
75000    7716
80000    7678
85000    7570
90000    7547
95000    7542
100000    7542
105000    7542
110000    7542
115000    7542
120000    7542
125000    7542
130000    7542
135000    7542
140000    7542
145000    7542
150000    7542
155000    7542
160000    7542
165000    7542
170000    7542
175000    7542
180000    7542
185000    7542
190000    7542
195000    7542
200000    7542
205000    7542
210000    7542
215000    7542
220000    7542
225000    7542
230000    7542
235000    7542
240000    7542
245000    7542
250000    7542
255000    7542
260000    7542
265000    7542
270000    7542
275000    7542
280000    7542
285000    7542
290000    7542
295000    7542
300000    7542
305000    7542
310000    7542
315000    7542
320000    7542
325000    7542
330000    7542
335000    7542
340000    7542
345000    7542
350000    7542
355000    7542
360000    7542
365000    7542
370000    7542
375000    7542
380000    7542
385000    7542
390000    7542
395000    7542
400000    7542
405000    7542
410000    7542
415000    7542
420000    7542
425000    7542
430000    7542
435000    7542
440000    7542
445000    7542
450000    7542
455000    7542
460000    7542
465000    7542
470000    7542
475000    7542
480000    7542
485000    7542
490000    7542
495000    7542
500000    7542
